# Created by Octave 4.2.1, Sat Jun 16 15:50:04 2018 GMT <unknown@dsvec-4597>
# name: Whh
# type: scalar
-1


# name: Why
# type: scalar
-0.7


# name: Wxh
# type: scalar
0.5


# name: ans
# type: scalar
4.5


# name: h0
# type: scalar
0.9706877692486436


# name: h1
# type: scalar
0.5073275330397904


# name: hb
# type: scalar
-1


# name: k
# type: scalar
4.5


# name: k2
# type: scalar
2


# name: x
# type: matrix
# rows: 1
# columns: 3
 9 4 -2


# name: y0
# type: scalar
-0.6794814384740505


# name: y1
# type: scalar
-0.3551292731278533


# name: yb
# type: scalar
0


# name: z0
# type: scalar
3.5


# name: z1
# type: scalar
0.02931223075135636


